,principal component 1,principal component 2,principal component 3,principal component 4,principal component 5,principal component 6,principal component 7,principal component 8,principal component 9,principal component 10,principal component 11,principal component 12,principal component 13,principal component 14,principal component 15,principal component 16,principal component 17,principal component 18,principal component 19,principal component 20,principal component 21,principal component 22,principal component 23,principal component 24,principal component 25,principal component 26,principal component 27,principal component 28,principal component 29,principal component 30,principal component 31,principal component 32,principal component 33,principal component 34,principal component 35,principal component 36
2,-82.11397286048938,1.8970801681352265,-18.408591271338622,9.949248923580202,-10.279806422150697,7.95959387811662,-6.02906815717748,16.302747156075597,1.0531984875968348,-32.83110261528266,33.2913838894853,43.22434346762113,-46.67314858385215,-14.619744292601615,-9.82196250677927,-18.052701861231885,-14.482655943335207,30.672015888108433,3.816719676583676,-28.303431517539412,-11.570487386931738,23.065221275204106,-0.2594209275464062,-9.74623523058142,-14.085837225846907,-2.867804207867626,10.450153000793568,10.764686970685936,6.777049878755295,-5.648285410554465,-14.165672702164287,5.4223338111651085,2.5112731273956372,-19.123876126787525,-3.8599014127553746,11.50316656694986
4,61.57553293982826,-90.27079802221046,-64.38866800786744,23.406681823790798,-11.547822308096274,45.41266042880638,-47.92103687988084,-10.879809329438624,14.230355962442815,-3.43112215866592,-2.93607598508648,6.094810610764543,-33.47845897735402,-16.101613592620375,-0.8185497113363981,-25.165290372609523,17.60232106329791,-0.009780400874724302,46.33578378479959,5.070870070125459,12.781609516355859,0.39353570169368246,28.547362002306016,14.470747280218632,5.529924329489316,-3.6444583586165122,-5.951310826344717,-14.773113879941166,-8.54685676602364,-18.540866108424904,7.150301019194188,3.4805200750652077,-8.794142654337916,-11.532617995171652,0.36509256537688417,-0.2735708661962938
5,114.15097255545335,8.46274394222005,-4.617677653489581,-35.62097670375376,-3.976851817042591,39.557694054546786,16.186531104936996,-13.41825912288985,34.183338049235445,-46.59955504765392,-11.940515506362493,25.07360066209019,1.1228997397506848,-13.496827005573115,-5.816719251441281,-21.28374279796269,-11.026317635045444,1.5931893352551054,-22.3726851749654,-13.09639217932034,17.865303731375,-15.189176220426576,-13.060869293049107,8.932426713152287,-16.98369903209611,12.018878177298527,-3.4488326884759886,-6.889203924354488,-3.3307406573213845,-12.424651307270421,-8.430792274541833,6.800353901546447,-7.223848825622662,21.392817417613333,6.8790557756274024,-4.272382004073222
7,-37.17936464530449,19.759559373885157,-65.11457222441116,-33.95208682930901,27.48740004668073,19.447987696893783,40.10775547600743,-26.868559188773173,4.37529746174371,-4.239433107999888,8.707723884022657,-3.4095961433150195,-7.332342870467974,22.886129484161163,-27.537448647776962,6.957490458282128,-31.42912131515881,12.840885891608417,-20.347149695337553,-2.6244112729027513,0.1879083796453107,-14.834250992000653,5.37461297147102,-15.931877616210445,8.89037382238103,-2.111534063725723,7.165768790537504,7.867260525832442,11.634649684836964,1.310788324431557,-2.1796484192717234,8.000510314829695,20.727822682139166,-14.705777083558285,10.943683393427609,0.12418608804106712
8,-77.18240856624331,-26.800295603457382,-20.088801614446844,-67.77238136375539,30.86000078907102,-47.77175901024558,-43.23324372456998,-21.90462184687162,-25.121650900585596,-46.15196544317434,7.152272035987336,-13.72456335800137,-0.4005128330110021,-17.230895863683838,10.963432566222787,7.773600906714035,-23.59953221695946,5.500386697089493,-15.740180761454877,-8.328173991784968,12.021892957761501,15.272570876513583,-0.016775541559873264,9.890042555161097,1.7602932613758249,8.672180008824625,12.066195958136895,10.941264622731909,3.2287962447381284,6.964986258498142,-21.250690070096685,0.2845025408117896,-15.596611124732492,9.478485276765412,8.336386035487468,3.280114037880358
12,-122.79042552271127,-39.72470741062665,-13.349512234459125,-36.30053125032212,36.62384923219491,-12.394826572879033,-25.38527848943532,29.024347253748875,44.28176114565221,29.750003211939777,-19.206463651625867,-18.63768779208831,-2.8943208703491456,11.986082296466776,6.6383211103089215,-15.442835207109805,-3.992135169948885,4.908957163454376,-6.920174587529465,22.107682254453756,27.026992419010785,9.768235374627794,-5.2928460470113405,17.2475305827476,8.147654773906547,1.1366026788585093,-8.763975874034479,12.196817977136552,5.419599249502977,-12.870164861686751,-6.445859656756139,-8.041167586623578,-10.971704418360824,-14.912889217991555,8.53441137306667,-1.5903427035829825
13,-62.34137688848382,-31.438646147756756,1.7722735226631967,-46.085587962816945,33.2331228913192,1.7243348481646408,-9.796400578444025,26.758993878054767,-2.7480333502982313,-8.57411628711052,-18.291453022386076,-22.82056740876589,-18.085832092080896,24.558117113769637,-13.466699867168277,41.95005773022995,-7.6485884611825785,-21.65151152288857,-4.376678891825639,12.052942777551266,16.468196437450274,-3.071544838181199,7.486510517732517,5.460677124517082,-7.523031342342551,-14.70503441579092,-15.332164880839965,-18.995736414141458,13.930817379469406,18.10786148658208,-4.126100378211273,-8.608219064495414,0.24858409238759177,13.424101631796379,-2.2186781038461967,1.1075343062081695
15,-55.61077778292379,5.8547200418553516,-2.151921109820533,59.617913463279635,24.451950719993807,3.5148272677156087,-27.134174987150214,13.174537231760848,26.29699418851327,14.014249771353734,-43.646959365026326,14.818919520152882,20.824519455445206,17.294468897917582,14.437415469421545,-7.629628533096541,-34.72594423907991,-20.525625596274875,-4.51478302263735,-18.21304000224912,-0.1952528637102383,-31.590014910973782,-14.934429656419608,-4.880786553756677,-3.962043354163432,-1.3984367054742706,-2.1811075331033045,-14.29625897040256,-9.305827595875089,0.6196298186919887,-7.016842804823747,-5.242003074778027,-10.858490812009467,-13.498930284708244,-12.321986675239668,-14.179309042188812
16,-35.632462190654266,-11.882276214249895,-15.199514885602813,88.89431426406756,27.21937748535902,-22.756780388834812,-0.41079148979907276,-7.7749703911901635,5.517800683433086,35.714918373617586,-43.47081871075151,0.669975233171727,5.079434005387522,-24.890997981795827,-4.640342209131409,34.06686566536893,13.530473302776608,8.874582345357261,-24.1739894265809,-15.150774999671267,-7.441495431466158,15.918708803129535,-7.807581400136609,-6.9602746015313155,-8.116055466937624,-5.5533134562500965,-19.290350460133396,2.2414260600587474,-5.339252665909398,-11.282436415510334,16.54458222736181,3.3820465621808156,10.425995943792842,4.566700224024726,2.830510969130202,2.95387827864812
17,-26.478739760688796,-47.93514051153645,11.857260289826316,49.400196305203686,-17.577415458985254,8.532945588555176,-34.737053685667995,5.5725557512096096,-8.315857758055376,-2.157276606508164,-27.18012073442143,-31.186493549551596,-25.168691174284902,-15.388333390780215,-11.418510709695605,5.544451621913762,5.864532782579769,6.134561859332248,-29.457437352443794,24.426057803198095,-24.432658119908663,1.5091693608984302,-14.510056237402686,-12.634412069831544,-20.18779390341806,6.757033065153437,-6.820262193087764,-9.289190908002094,1.4962619646507485,-3.39624855967861,-12.669485457844042,3.681784921801448,-5.390700919654872,4.379555715914914,27.70584316087477,0.32663457529779444
20,-92.01045517245683,10.616965489020838,7.719676498301501,-9.226532355791331,2.1214203287046813,-2.2267871397822305,26.982566711324054,-41.05893692835731,-21.302070297028052,8.602403410913663,19.020175461507815,-36.96826007304613,-18.705030898842995,-1.837170363194912,23.191414403665753,-27.471039946279326,2.0248038049834127,18.259315035471182,9.502260103312729,20.63796881216115,-4.181988857346391,-19.73326169316439,-18.894142050376487,2.8285119223835706,-14.359757549357246,42.6110858835269,-21.94455266539797,-10.786073207042962,17.29432788376643,-5.398032879427901,23.685027511722033,-1.5972304583438584,-7.99733790937151,-2.915339384553671,-11.100049206328269,-8.867559080780442
21,-90.42195286093117,-44.728931891215275,-92.92218647592253,-10.799495105149035,-50.77459423929386,12.256879606927667,47.709039248319776,16.93264275552116,62.914585972741754,-10.727642421538416,7.4029407524268915,3.6946017368214705,21.8889873124608,-19.62112146728562,-24.8726016648728,-23.57407865466624,33.36244795454495,-18.940176742728113,6.328046568486061,-1.1188218622025112,-16.9199824064953,-5.914950781635438,-21.057086116521532,-10.946380469452,-0.9639724870364473,-7.37424649733387,-2.4489533708583138,4.49260562154747,1.3947055051126405,4.172213888235265,-9.202727422794762,-2.922239009448379,2.1338432770484923,-1.1000818198586568,-6.043447451076125,-15.549536520368333
22,22.241968353497935,10.609467116287446,-59.955325132806585,-31.91377855102314,-47.96205112186783,-48.62244654355019,28.928398069844665,-5.521947154034653,-14.62259993388476,-1.027245561838912,5.457856465652521,-4.373534061392593,9.714627410166768,-2.353258234665757,-4.752335078595185,7.527780446457222,9.849031871459086,-4.847380712122263,-34.53106499300708,-2.2685031277097183,23.609174378760315,16.43719848724632,11.120576455537355,-17.49446898233073,1.8767064172580579,-11.171849684708864,7.959692231692879,-6.940719658295641,-15.973001775451879,-4.71885198179491,15.176719919848708,-19.158232800169387,-5.698146643496913,-1.291675348751553,-10.468290406322907,15.364673694750449
23,-10.26666308851507,9.678646359448997,16.3453825088569,68.56747709515719,-7.524088049061067,-2.7652808337023185,-23.106619823567723,-35.047494082320426,-35.26059535006845,-51.9989466487308,-30.745566486877156,-6.6998138696061975,36.75197729748041,14.565122379128425,-19.117039718101495,3.9209889962615234,1.4027470265852382,6.529903821967347,28.3404029196856,-25.569262635826888,5.837247767769394,4.0870495643759215,-3.961197003548461,-8.901739758752925,5.684822790502726,-8.980486577486657,-33.55011870993833,9.372443048946726,-5.645790857495407,-1.1633379975357336,-0.10107300722355522,-3.279080756402279,-9.976294864613852,-3.107053730135083,3.435691123262359,9.335348107645851
24,138.51704506316912,-22.653753721264902,19.152157503851907,-43.78333439141743,-13.183957647484172,-3.6656242837919057,-10.16802286519616,40.60421131739115,4.234304703510883,31.65570938139927,24.6346124120876,-5.0672090691638205,8.78815317807189,-24.087339779328634,-30.746847668335683,27.368798214788246,-31.74784810604133,33.817209574547704,13.65793029599038,3.8729572550031808,-2.2098714931179413,-2.309348219902314,-15.956012607714095,7.539633480499092,-5.559725226149569,9.499264774858078,-16.457454461731547,2.233519581548593,-4.599532253275874,-14.792376250961121,-13.928918402891819,1.9029213585946203,1.8432005142948764,-5.954465115654072,6.808069624316752,-3.0141492074084217
27,94.62100046812722,49.507448255166736,-63.39264345212662,37.04436339345007,33.37948352516409,13.577171447064368,-1.4619021568253754,-5.12650739384607,5.596819871573542,-25.927377447206297,-4.759137294076677,-2.4045255614986862,11.631312814802065,-50.645577696767674,16.862886478588546,-3.3974130607454502,2.7869684658280827,-1.7944592315210102,-12.673218593645204,41.3318092198357,-20.40189351509142,1.7885909483256122,-14.15308130991612,-1.81637828105772,17.013564829996493,-8.241022832236151,4.6056136847809155,12.098246892759212,2.6682237338915793,-7.2523975137405134,1.747759239769988,-11.618936262251404,-4.988184865460611,10.606054850555763,-19.19933648433747,15.922546169744086
28,-76.58213058889629,6.080015955167642,39.41965833037312,41.39501312633108,27.213546363527296,-46.530800477639325,39.24939179216935,-7.686167742920697,-2.696089473689535,2.70885352865628,15.386263027852365,-4.252651565225855,-31.777685541162597,-27.594874004249306,1.6219265780865333,8.387825980026264,2.404664050736762,9.10777616478464,-0.6756689916388703,6.2301563361545,37.65587992296075,-6.790631245455533,-13.739959361565342,-10.27552266804146,-9.853662123552622,-15.81811874261825,24.22145183205306,10.92101860488334,-12.825249892276066,-2.162450566187495,6.622788756556149,2.277173691446504,-16.37959524927579,-4.968488958022792,-6.211917099178256,-15.855325042457165
31,7.022292314285301,1.2830249374001477,1.8313401888618774,-25.02291854923647,15.912669268470559,4.8483389849972856,-40.94755142262122,-44.182371677759065,46.22844172638573,14.586614350116673,13.167060914497526,4.890803088608034,35.764167328287286,31.506301863989577,-26.588102324421094,27.454956605237488,6.985006056456237,30.87951264435298,-11.179160475201673,2.079485174168817,-26.321864509532993,4.203468532723538,-12.775297945233293,19.156041723143137,14.65714516051427,8.83346300957737,16.952204602195792,18.48933672540998,-19.840604518875466,-6.01969728976212,10.513849859196121,10.394384410960999,-8.522058408151807,0.26636302890645003,-9.541681515006186,-2.0994931599282864
35,35.28927484395892,88.59277052108548,64.43307853737114,-0.6916380798382274,7.890731230739884,8.017031316136862,7.238360400962449,17.75628807418454,33.62941217364807,-1.7677346503188007,-2.219736138782253,32.964192396720875,0.4967301789143611,1.4037440618716024,27.75768898124552,-0.7511622067879462,-11.487840929356773,6.211849842691355,18.613769395795483,23.187255538568397,5.610743586791103,8.494184035606391,-11.824988654853104,-34.209670959027356,10.817515854360371,15.27965162519382,2.3162764382987056,-23.461755248414704,-5.7036708359635355,14.413168745304839,-8.213607995696217,32.475892991236414,-1.0631037160371928,8.131641706010571,-0.7156131827526323,10.640757132125602
36,61.31043993215409,66.28224430464653,10.6373932820933,-18.544935901557142,-46.47200777624653,18.456848343544813,3.2305726245435467,1.2100493503385839,-43.23030669431472,4.109363566594843,-7.639909873736406,-16.31636166855102,-1.2474889235710795,-0.758465632124267,-9.035236175480787,26.56700274075009,6.839110890094496,-20.307943328391552,12.935500364533334,5.762923361789317,-11.254784581510458,-9.986415062328927,0.20341588479247508,-31.90324395441476,-6.608796003280011,-7.53419590185958,19.252385116851457,7.925593997159989,9.475330211239143,-10.950710672923966,13.195780347673375,5.004850984073625,-1.161818848759255,-3.1459697625385967,21.210533943771136,-12.510292443895338
40,45.16329871875971,7.4945578460740165,-6.816805349310077,-10.072320791917527,57.73680177929968,-30.613305328154805,8.235247945383232,-15.541203103445984,-19.00827120210821,-12.650871322537757,11.33378443070549,-35.26332805429586,7.862544511775249,-5.370515793304888,2.0106962277829172,-33.49030298086739,22.08573747102079,-13.904646924617978,13.410683738510752,-26.29189324930591,21.748379757488692,0.9997950172957171,-7.323564925848816,-17.583671653083954,5.188421780695341,4.87265567187437,-17.435929233256328,2.9900159910171555,1.9442094754232355,-16.46419604325664,-6.223677451900775,11.721653774211843,22.200365258831056,-7.0451132441005235,-1.067412518662688,8.786017595003306
41,16.41798870145851,-93.96703681914606,16.282581028163168,55.61177850487976,-34.689521940556205,-29.55432260279333,-43.28164151516613,12.394446389535187,6.920437818453352,-4.609075285020774,-1.1674296213355835,-9.03119994015056,-16.015953254790695,12.51656592107738,20.333689467884792,-9.96947876656133,-14.146729117796236,-9.032214396349548,-17.191688192868302,7.8320387900303405,-19.439731453592092,16.321398412166136,33.78204900693976,-0.5659745582743443,7.27623633589786,4.09001437369208,4.038864193267407,2.774162207564862,6.979887142104079,11.062676773548446,4.7439347032532835,24.063237668278575,2.3408808306859368,3.663594128937897,-10.280838344692715,-12.115347057366666
42,101.28661108132381,66.40056038401545,-17.386910879173904,22.29627508711807,-12.381468455854842,-24.35312838600088,5.0962460929049,45.3081616173976,-16.594129894381517,-9.912911519642064,-18.85308262676019,-40.6591299258967,-12.371784896444748,-8.543040836794367,-14.67662570944306,-4.329044038394766,0.026622356868284645,-6.5848586871103425,-6.226088314146782,-3.289659883523989,15.060938537304667,-7.1982359179842526,10.705875056875584,4.867766759185609,38.200261968362526,33.26049152145272,1.2617078480395412,13.29465251835848,-15.5562527407499,13.211149882281273,4.344259735094834,7.910327793508988,-1.2492341787968761,-12.43127777620219,3.749550250364158,-5.179741423215759
44,23.399091086189635,-52.10022730451105,53.60597576494098,-28.1329299838249,-4.709169631614005,-26.55677591839405,24.49553607344822,-1.6814304380104506,-61.62486298243719,40.670898568710484,-8.87710069434886,3.7138383917785447,37.20025487922875,12.53038464512845,14.179537884775838,-22.22152543819976,-0.7282999070345642,24.357886094404552,8.459953458323758,-23.096440298010776,-6.927943129011679,-11.027385272913207,8.415551310772036,4.898137031422907,-13.191322163935041,-13.113224491776043,3.71916848059684,-2.9896798108928384,-14.302754526734327,-12.047723122092885,-19.611112282634437,6.729653400006406,-9.995743389730249,10.768752310682817,-4.863111449293978,-1.237367427899579
46,-40.97647628289506,34.81029314446354,-2.921687993317053,-23.618568169750656,-27.441191852062836,-52.04591988545494,45.148534639591645,-24.567744532395004,23.79092105927236,30.22953983642445,18.9446360970034,7.517583729435696,-18.15773573721533,-23.287845148767822,30.56152815821122,6.609453057077691,-12.931135583671304,-29.008318550020945,11.685676422152762,-13.235872981975382,-37.30569991147188,21.072624803397645,25.488095641464128,7.938878161034843,-0.7884280923137418,14.114355451773514,-4.866927839200476,-4.895801602477522,-11.872030497014176,-7.654166653697802,-2.00808735459562,-9.590048629595746,-5.156643557990818,4.383063558802097,13.330584152053271,-1.507306158630857
47,-17.01273078986978,82.15531467733493,-14.747338088304296,-1.7096656864645658,-8.744105104466806,-31.505506359781982,-51.28729446529519,-23.400187441006672,-2.8121008597591057,-8.69899878492765,5.437650754901584,21.58724872233337,-9.49014777268281,15.77324910024105,11.91823690062018,21.981723578760672,8.281002800728709,-8.41646809761066,20.36818365003136,16.543923096800544,-0.6793976800022128,-33.04251995342062,15.069391190996019,-9.905347232746282,-6.492123857888463,3.6688224897044526,2.4630445661476035,24.701909437109443,16.334584710300206,-19.706759904254387,-15.608850023778377,-0.7463994652665076,15.474352971340211,4.120148633980592,-9.491477786140115,-10.505332259899324
48,89.69463679425834,-14.208644880655894,21.026579687089377,-33.084773107407244,32.62642602347381,34.20244534691176,32.971022145245406,27.787808428718176,0.898661104827956,-23.544067060144123,18.900522664505427,-19.929652782450738,7.10347544396363,-14.33548856282331,43.932132550388914,56.27251836742718,6.750370184758264,-0.8397231171274114,-8.68077559263108,-18.929993435271417,-18.410714273547633,-22.843461620202774,5.373004229057988,9.886490052086867,-15.763213496465797,2.3512499679280308,-5.479526595410874,4.136209268612079,10.529267208013932,4.459645185764086,8.348554194224677,-1.9793997019755134,-12.58541850743809,-22.455689144997045,-11.071148350084528,3.5611668861208257
49,-67.72174407016692,-10.397143295567002,1.982090308092163,-41.43757779324047,30.531414108124498,-2.335499211181164,-23.40520533596142,-3.311471735832111,-37.3229711985159,-0.3206421820023988,-36.96851424565436,15.405092833572276,32.543324897304636,-33.49953547513835,1.4066817957099922,-14.79203338391939,12.808320640886073,11.870476164631743,9.239504127163332,18.280764984367146,-17.80692434081726,9.39155939398765,-3.1889192882075754,-6.622920673458245,-0.387438562941036,12.057332110266454,18.25379525050764,-18.01862860162601,8.48719218232654,21.840384125367446,-0.24732107993973604,-0.9343129250603591,2.654966704994797,-17.64387418545463,-3.1771845967700476,16.304911107892334
50,-50.75600742919885,-34.212126720108074,17.321462151906672,-12.993487997388002,-44.17381106353558,-1.9050754585630731,-45.151438297631735,-7.907240738818433,-5.576214322185779,-36.50552011638358,56.03854727918007,5.565217620779979,19.810245881189747,-30.284537691938922,11.340790866190689,13.794018318946785,4.949541529588522,-36.427225476924036,4.893135594010922,-1.5262234772575465,19.950359772233124,-23.441703580548495,-17.114414953844943,23.005568032476102,4.418169065702488,-14.4744863761055,1.3691248882485316,-13.861981458910797,-7.951114483668688,3.758651564308478,13.612067763549568,12.820147135739958,3.1537896647687718,9.049169784387423,6.401001200501579,3.2010259371299785
51,49.713853298887756,-100.31604641156466,0.6380750273906022,6.678152725778158,-7.246219780275327,0.9041955817912742,-8.912362578420547,18.264086162435774,55.08079673231495,23.302348853990857,10.277945675252965,-45.917600332715445,4.624123681397734,9.054099411024447,37.23343368663835,-6.294024701595012,2.746310316049311,27.039795758563987,14.582918740557988,-15.321073833283753,13.631146218274306,-16.970865152051687,-1.1365317762738156,-9.787369120982373,-4.742047911715742,-4.432235211787648,24.85768835160156,-1.4353740616573,-13.725114938247815,11.316086275817083,9.559765625423248,-6.555695536947281,18.16209119565419,-0.12293704500300238,14.774865513057081,16.66017167475981
53,-86.21028940425307,-29.086702454648744,-68.6509306309929,-4.774077104499417,30.583223730378904,24.336088798238492,41.828881335655275,6.209976525890176,-8.103632924181184,-40.600211507758694,-20.733756044284235,-2.114048907524729,-17.452067025049544,-3.9235470386015083,-7.622607267552738,26.365447790539033,13.807106782153594,26.459374143581226,25.385644575953012,5.340284820239829,-11.303904999266404,-18.27908573507097,34.48396743853173,1.184415730454553,3.4293193241479263,-9.096262895950819,-2.5743422752133585,-6.11485217554595,-16.626352343174602,8.09088873939972,-3.442035107337918,3.962562606323884,-1.8622192926992165,9.815287771757726,7.156436819200468,-1.2449323870131748
55,-71.5390269381175,81.97656101059988,38.724170692334134,23.461972615039947,-44.20285577944472,5.512873584605745,34.723069564608956,13.41961820227113,3.10659586057633,-5.709823598269734,1.9477709586015488,-3.3408751530639793,20.8351618296756,5.183793942351483,22.84094717677898,-1.362404634311077,-36.91816603334089,-0.3439547800660393,31.902347351053198,23.019045410901334,2.7827953846902402,14.676944683848436,1.8294518051222617,34.53352586010757,-10.637195357171343,-9.607535895284427,-18.96167202717174,17.13512212805906,-3.5421323129257427,8.27834381431842,0.16870314532366315,-8.500739240165096,20.92214239775241,-4.66576820506462,-0.6410959738478029,10.777948847835546
57,-14.003399613234926,54.4477381586502,-6.195088917459416,5.288139667296875,61.07086443165948,22.65580541660494,16.984321150771088,19.216085464776405,17.229502085558572,14.40928087530944,49.91005232603619,-10.693608947632885,-10.272835691447643,38.31931315704524,-30.214918158220375,14.327572227691832,16.349870485450705,-25.100941656276134,9.329826633945476,-1.0324449686755635,-8.47740254195472,17.65911484996851,-1.8318102117637534,-12.919760292472722,-7.859818459752498,-1.5876134491192881,-19.20237134682457,-11.173813117301158,-17.827403311542152,6.959491485364171,-9.949228053900795,5.2143110828634045,-8.99740535178552,1.5056956806115922,-7.141319006426648,6.485757719494398
58,62.25653978614499,-67.20642124633964,74.55677116678538,-19.60515339359367,12.884493920081777,13.165855917258186,-7.101408181642503,-3.953576160338935,6.639334574524175,16.710031365308446,3.6845804561887125,28.28075123599329,-22.347671037516196,4.077372465850844,27.29376789628792,19.91468015990462,46.46152473998677,-25.840583284408496,1.8679142541666163,-8.215447298267762,9.261641158844963,18.18001492356936,-3.664031701961246,-12.14275266622971,29.730016148466422,9.650326963277282,-7.825731862919705,7.3465670926401385,9.91611410917376,-5.261115959254927,-21.407302822075692,-21.447911456039183,-3.7368127744339343,-2.469525089399713,-1.4390811543006583,-1.9424693743579573
59,53.51881356980062,26.731003277840816,-51.360217428754545,28.42962637030678,36.535784868214144,-27.204743676237495,-3.562836109133129,-4.436181001224238,2.351871615722471,59.767865703485825,18.988539654261903,12.078549258386957,-9.982914254854338,-18.230768611440386,-36.89757321505729,0.6362695417114108,-19.163589079626963,1.64335462797433,31.83091172227078,1.2725882195558211,16.43811297040647,3.4032227890525983,-4.603901975676546,7.772473247567494,2.3066046430922573,-0.09250842073083569,3.8851533966394554,-2.922857182677353,26.940231865147688,5.567108561943746,11.731111418942664,-4.653729903825657,-4.498413500897422,25.053572637828445,4.894036987921609,7.428429061246248
62,81.8429729093689,-40.232842310041185,29.18400947035921,-26.178309900534295,-14.473775547559567,4.00895866961452,-21.90035326020381,-8.76715126813628,-14.216504403771381,7.993784490148346,19.18983896700149,15.782130590692345,-10.533356802913135,16.017277097227147,-13.639295494445388,-36.10673573488802,-1.4597171963205828,3.551289071770481,-8.743021854680462,44.7882926829985,-4.32263899190976,-16.218604152569014,13.45827756103094,-25.17871401381172,-27.89990354246817,-5.070763897681019,-19.280698494736402,22.828235949469956,-22.30214777550662,17.8424909087695,3.4648278665443173,-22.474991776051407,-9.158882840439684,-0.14375378044431783,-0.07082612736722518,5.570203748661768
63,52.94091168027704,-88.43574105519774,-81.02937555858624,-4.257546505156451,7.827455567206932,10.733002601366852,-5.427452251889676,34.643614741907896,-58.35449021419779,14.202008783273863,18.870375941914418,10.970625368281572,-4.649766730430223,20.801563871273306,-6.936223336225481,-6.538786779627651,6.881095740911414,-4.0423834479639424,-9.535713093428448,-19.235209005014145,-8.510174863812752,14.992066606073957,-5.241938184609908,14.40900089237995,-18.06351026188412,13.703491531296299,0.12346950891730603,-0.8178050236910201,8.374794242104851,6.859852823274941,11.50985506993707,11.779856989386268,6.602763527214356,7.168628163862203,-17.771779719464025,-4.327263071877935
64,13.910978167159735,14.78484231688849,-47.06907416351606,-36.39265579839795,-45.98809883168552,-43.861925209261464,-2.5930853431838803,-13.54188962026054,-2.650327212657558,28.440208675962875,-20.93474171599053,42.490054540709124,-8.834180396091861,12.12675826160726,1.1040512997430305,11.232281934772328,-8.07236819198629,-0.9737700626166859,4.26676217755611,-7.41101627416205,-14.109992141185938,-22.052271566893292,-8.230872558793205,3.434290275140069,19.15638832926206,-15.796711610251895,-11.09416945082635,-19.837356116887353,10.350197202123304,-5.236230119406309,8.070877590512463,5.24055094341585,-16.265912922112005,-16.43287043204322,7.402627736367418,14.20880553130285
68,90.00712420933648,-100.67078971236741,-24.415351545639343,11.454698440909782,-12.986233791585954,30.489349294652584,33.13912997356651,-21.89708646887063,4.37329862262307,-22.173835617492497,-26.219222937952814,11.332017031531564,-1.0894501741240594,48.11314226147511,27.280967104640254,7.3763336631779435,-31.346530992906782,-9.846993351595529,10.335041105864478,12.923414862489274,12.955580159332024,29.807393499274053,-20.573757165381096,-5.871170570985724,-1.089364741064232,-10.445089357094732,10.025516464218311,14.541461955550774,19.981306045931007,-4.303039202224856,12.006015088299907,0.24219974352160772,-5.383444207284515,-1.2092669583018265,4.019820141837415,2.8587420170988893
70,-98.50096604182102,42.058334567100566,-41.426355037353815,48.413563316465755,-23.499999351988325,16.676487390708015,-40.8971968839971,38.21274811542524,-12.388752889025604,11.175597011164683,22.930641477899563,49.3824282846161,7.632599933474164,8.550864093833617,23.71708495395198,25.23444640585587,9.138060523482048,3.714439852296439,-7.4870609113485145,-17.8201720617734,22.9788524625403,1.2390597026849266,-6.3753429227689535,-12.508375107696777,-16.310460140900478,25.82654535532863,-0.5099684138552473,12.919509235685812,-10.573321519367113,7.956796044438258,10.53642864462784,-3.582322991957025,2.7519506493343804,4.761913269218054,5.499995472512487,2.1057777525735535
71,-20.722665297891734,72.36950345677117,11.325781810510295,-2.0815694409951977,28.88916652447229,-6.086583073867418,-22.30186116267586,-35.26121098904791,13.61812057228411,-30.157550266004847,30.333162093306964,-6.529705727168273,16.863385965954183,51.78511910773617,1.0919222500575474,-16.292619910524316,15.399354413864804,11.491539007777341,-1.4771112755545164,-2.3930790697229294,-12.546968833984204,7.3574203944344925,12.153476306511436,1.0549548735384662,10.876847390814426,9.569026492913451,10.630904026121707,-16.6747084964177,1.5338026088625294,-5.705761802816894,18.77545480810693,-13.196739439717996,-3.686639779868482,4.743918396265014,13.488948738252313,-3.3119853471683256
72,-68.1482538113332,-3.851707307017187,73.61075580565654,21.864824856549657,-26.282651616712226,59.68523813054534,4.18219038842683,-42.173288812795924,1.4506859500349603,19.135199057002552,8.035924176777904,-30.7874840774882,-18.922372751966048,0.40932387607206716,-17.176002773994412,-8.792531662337048,-4.7248938515644054,-36.67781988840253,-29.980471630226546,-12.702243153536433,-6.301384422715146,-1.9808578502504675,-1.0651476828079842,8.666532587777514,-8.891305040104937,2.574989011727071,10.381037313311559,-0.6298034056921477,0.8642193350865021,-16.01817347865523,-4.615695397351095,6.9723760905708,2.557510404901014,-1.5966137902961546,-2.163306333248308,26.33296561143642
74,-21.104396625500886,56.50379323491845,27.802079335870754,0.4047256058059678,29.015170691892827,26.514063746658884,8.504569632439678,78.1978649315073,-3.2124662994310627,-8.485115611673002,-2.745098743005633,16.494628950510606,36.46280314213129,-8.287856912052789,-6.832276488499585,-23.344853995527252,9.071938731617594,-14.632835434982416,-20.562959125622676,8.623471975002756,-3.283678915724754,8.135964220748798,24.61930058004446,19.730469807562883,1.6137772099680692,-1.1562350169448907,-2.685059979307652,13.234403129509392,7.728124229492582,-19.160986407038443,11.570731134664987,5.824428611870817,-5.738769173511974,2.0995676042869578,15.74781773302867,0.3635610587742104
75,28.151318612829265,119.72450169490905,6.452192580342042,-8.673501197328878,-52.6716281257227,13.690690288204438,12.035308431992105,4.35105608653846,1.6626919843173504,-10.001557118643372,-9.438294061637745,-35.11679224487753,-21.12019680289339,10.237328720220336,8.180626371391968,-5.2672607399250095,3.090514447386398,26.469527814766433,0.362556624444013,-3.4050601187117002,11.968697138981494,35.14692007009434,-5.475164292875291,4.8158305798495205,-3.1061873172037155,-21.792560040623567,-2.9667983059770613,-8.18386913479647,0.18373881121111044,-0.45951176361128737,-0.06116105811456282,12.825227295957864,-17.476141563947017,-0.05577284157065862,-9.782003516095356,-13.33414719891028
77,44.0601886526962,32.05334556829024,93.3655920406014,-34.068930485372306,17.337827429332958,-19.852855029226358,-6.790325244243206,-1.7338820127052779,45.350813664787,-17.273685343803013,-39.0680413801517,28.403139246686614,-0.41172229627917806,-14.913527361358659,-23.984202997504177,2.1859934537153,17.006358180706048,16.04148988794928,-7.932744246673731,-5.7166395400384085,16.642404955553644,6.306460937014796,28.620854854923095,1.3157269690424374,-30.12052182284271,-0.9604478542500792,5.52562977092808,-15.97620334772519,10.971642360399754,-7.629384408371822,18.82202182379368,-7.515172268582729,15.44118494072276,-3.958902661444105,-10.27854921441852,-4.707728799680257
78,-26.719004672832057,-9.114499585894356,52.098355980277525,46.58601949612477,-1.6179232851872114,27.517164591513787,-2.6221958773949905,-3.547070808004593,8.149482383037897,6.364760928871806,32.92160891379308,-9.995604723368348,-13.395142882287844,-16.01503760401264,12.560245308108309,-3.3712527070471263,-13.961635709935964,45.752053223596235,-20.87868231940725,-18.4932009743514,-10.894872633024345,-17.634436290471847,13.685071632892544,-8.96451902611853,34.206693603066014,-22.084934421249503,-15.357625584669362,-0.0037544025489327547,16.80234892978874,4.886960554349582,-2.644046388662599,-10.364417088626555,3.7785764784467646,16.86586726467164,-7.96905145481321,-1.9115524899865395
82,24.346052682087667,-25.488666850497644,64.3929159020218,-53.560572555866464,1.7228226883284963,-22.09103840915167,-31.839875921744085,-2.0558718232895057,17.074479240184587,-21.973270047090974,-8.586583490404676,-5.112192018479564,-12.627586369337331,-23.455680900433293,-31.196848494152306,-15.157055738223887,-28.801749504529152,-24.28120789881697,13.348585553542613,-31.10580752754644,-24.501280229476222,12.381744345092079,-18.429976281493165,-8.249856025603314,6.893976914286286,-6.511071748764707,-10.673428013135812,9.437279016520371,-3.2000536972411835,22.788201434684122,19.379835735883205,-10.015116594890205,8.369710148450775,-1.5300465413012527,-1.5546296613954305,-14.454849027725238
85,43.88282967830213,-25.915036942329845,49.888884214588835,87.98745453745838,1.5200544542294436,-20.686333486213638,19.273636003195325,-3.800059252050089,-16.45859116290197,-21.18953229345658,2.764629453385637,-2.853766718574861,-16.13466944614094,10.261579522831216,-41.52433855308142,21.069453487786234,-3.0947886641109106,-10.954161509883676,21.89921932783575,17.114660476314484,-5.856798338305934,-2.927931683327482,-7.123842008648975,26.533341412484656,-2.7931210788364043,11.970741593981646,34.7122078635101,-12.927128462380459,-7.213210075874835,-2.7195155402161983,-15.507721715575418,-14.559928419753538,5.316358422835189,-7.004310540926339,-8.384145563922665,1.468146609441948
87,64.21004186453149,55.44225830251127,-64.12569435745435,0.3776928541038604,46.20169675087241,41.39722646642421,-12.058765865148208,-30.184144091807127,-33.90032976586814,10.982553283513182,-1.7306318014830144,13.081813821276821,-6.76503015557863,-7.8721973582379565,36.751797483740106,-6.819040006840769,-27.411335430057534,-5.330342034481379,-18.353488013196383,1.1308017335756417,-0.7269352072622857,15.943638310182243,-6.982262817230768,9.146002858483254,1.5439238101657604,-6.707328401226376,2.4652596261063264,-21.907428175952617,-23.350423332681647,-2.5325983741317217,-7.490239172138537,-19.769939663511412,22.546701773543646,-3.322097842110047,7.3868954112081475,-22.450542843798836
88,51.600119303429025,-44.3548073468185,-17.042811270052976,61.03272629711032,-7.486536825905147,-9.210218001526684,43.32656970667426,-42.75712278483557,26.300338082981543,5.334050156920142,17.15685565288934,-2.834912847126459,67.56135628555477,-13.515996422620187,-3.8105457724025578,-1.6287404107800374,-1.325236969760766,-7.329357236985704,-1.281784604935789,-5.293013631626647,12.543665942975856,7.873102803079629,25.65104806292807,-5.371357699606144,-13.093877587311164,15.320864949639361,2.2721894020474886,-0.08487349312192057,20.652769518510453,20.493683849005603,-18.861564901587997,-0.45589813970572574,-9.6243794016018,-3.2281682787890444,8.344990681955034,-10.225791055186455
89,-30.367992919973545,-5.67381973672161,22.344651521833114,-17.036117137275955,3.0628581511209076,50.95729742998829,13.270567914836853,-39.18347870013624,-22.21603500840368,41.533369890440305,-1.6282630345249531,22.811282320605205,0.28358683309351085,-15.529481892299348,-21.40714908162513,-6.744548067949658,-23.114867554071026,-20.801275070167936,-19.814368101160195,10.738508402382482,24.644166769773065,-13.13000691487889,24.2005432703233,1.3195269738482072,18.830259450947068,-4.390792841113854,-1.2323387925612677,6.427184424692566,-6.161071011938745,10.753990320071859,3.2497686210410692,16.69498897449085,-1.3805251458339078,-8.66399217429768,-7.652980378836895,-1.2970980061199855
92,-26.55591231447063,-56.62052831249836,4.940077265284477,-6.995598158354416,-20.914247141146188,-38.816118784559414,-12.747633684780773,27.90764804294379,-11.082487297139991,-7.4334258922173815,38.931676734341096,-12.353597367727021,37.88413035618984,8.51271759441877,-3.3362096169720945,4.260782109769423,1.0096414467193875,2.1312611927008867,-12.394561532928561,37.0542478828273,-1.6928771165339616,9.97060412910555,-2.7812334161548256,-13.713832626127164,8.193935465497436,-19.559519928972943,-4.994834037160846,-21.968468561672957,4.003999725671548,-18.725305830490193,-6.782635800644619,8.204050637145537,16.780896466109397,-7.469529015283952,-7.503097037520971,-9.052280935624534
94,85.3719433671623,124.96810001802699,-35.41630391205481,11.884018027632663,-38.31051187852683,-15.812917732694933,-31.052411618573394,-11.996461009076377,7.118547065922277,20.01805451389117,-5.238970081087711,-8.917717302594896,-15.673060772085893,14.720141157792881,2.6535123608124294,-16.901118185929096,46.03983720188859,7.613802370201107,-22.700947941081406,-8.929199349605325,3.0009844872434894,-11.204462698298643,-7.938574558767672,29.886425202328113,-11.383798860570707,-16.09616300141604,-0.8260058686561305,-0.7762651392876134,14.404292687511353,28.427652207987677,-19.34359970808073,-0.5387533064535406,4.985586269964452,-8.143509256524865,3.3463598617598183,3.110126777567428
95,-49.676008023640165,-13.348794439980217,64.17640543890218,19.44427057541121,2.034848677266657,29.181090203561027,32.25537105971866,39.35386687607102,-41.09009300614331,1.7520105535211843,14.176225930121667,25.813242391721896,3.3556808668148896,9.412857083389268,-9.719394023257037,-24.93965885034136,20.716298637032615,13.424948879897475,2.5303358197608286,-4.80112483808067,-4.5918901005316295,-5.163148474195152,-17.931587045938034,5.904438021890025,22.084363606707164,-6.84926328949669,15.67727458445626,-3.7720670234699485,9.45028449662033,5.281809922651997,6.758245362744443,-17.506218270711926,-4.0946150977305145,0.1810935552326547,12.519988065845,-8.375644051435538
96,-76.46541747297213,-25.692789879387956,15.187716032056088,-61.75400255583582,-48.29533879875137,52.4797390547101,5.936013086565995,-31.368874525024303,-12.13252052369863,24.285323207721515,-39.09841278877727,-6.950722200203474,6.636929932419414,-11.199373018791942,-2.2640960065509774,24.701588744886013,33.76115924287093,16.625428070647335,16.41377675434287,5.39993811098944,9.67267390041557,17.47148449226623,-7.0649083547503535,5.0216535258493895,8.747755115261862,12.899302681659673,0.1270253682297776,9.065142368808202,-7.00388513328067,5.151230355685497,-4.17337484327568,3.7105048068794098,13.848651828554566,11.70653118804499,-6.209060641113645,-7.283412091825697
98,-32.57125135240968,62.94503180827459,-21.13859622878164,-28.366606274209655,24.672890979162176,21.361184629317382,-30.52762953649723,30.468975888383902,2.794024372132109,27.03707687631451,-25.185647066213626,-38.85121082856889,10.118752976802858,-0.48019083019614295,11.917705112200345,-21.964638348010297,-8.864388734361519,-24.17412454739869,27.638566329029057,-16.618511187986453,-16.154049681593293,-4.380116677706924,5.240525834112454,-13.422209029304536,-10.295325130528107,-15.349760857692491,29.307489368901862,10.9156649805983,3.296950674934144,-4.997018832918891,-3.4930099540102972,-0.8024336599312025,-6.602561197523423,13.300120350636336,-10.750420499244468,2.1182570105089504
99,-17.728807493841746,-11.431637759158676,-13.822106986150999,-12.461067602884679,-57.67460608580752,-22.097362556291344,31.266980475862507,38.715976153953015,4.115307390116647,-19.749867270319406,-35.203483124912786,1.9753624653301276,-10.878256440316473,27.061177515258972,-8.380196869605372,-8.651428970312317,-18.858400295354823,-0.8416877511304497,-13.433747100901334,-9.159518853336364,1.7870748733083925,-18.700127033288204,1.0515522289329164,-2.7474312610996074,14.266612655117001,27.88251643480417,0.33161291407715815,-7.995812349461221,-1.7430740689091384,-10.901528122721519,-6.720525086937582,-15.146870573549865,6.538998278833834,16.61179245967601,-12.478184105652725,9.860511421652697
100,28.887239848243674,-45.72986603821981,21.078718521988243,-2.5219186885838876,52.441137072274294,-57.45113624436599,51.48630634492245,-9.25203422052637,1.4737643185836777,-8.062599393150599,-21.281228253930458,28.99816069992166,-25.951751682314224,17.706245860323808,18.468458948270445,-15.735405515450005,26.031043689224962,-10.055041685040681,-5.64455125264293,11.873566548786837,-15.356884616411076,-13.653652805541105,-14.238987566647328,20.40519246625665,-0.22822691716355992,-14.045875373108615,-4.261393056386275,17.108843021892252,-8.988849709375913,5.5677800298434255,4.633339581568547,23.78079494694593,9.797603293513415,7.805747020816791,8.308408239949916,0.9153857528095324
